# name, ra dec R:0-1 G:0-1 B:0-1 alpha size band jd count I_mag I_mag_Err R_mag R_mag_Err V_mag V_mag_Err 
Vizier_0 68.66635 18.092448 0 1 1 1 80 X 0.0 0.0     13.880000114440918 0.0 13.087285957313885 0.34757214503301803 13.656595657680397 0.03486107799256288 
Vizier_1 68.611239 18.017687 0 1 1 1 80 X 0.0 0.0     13.630000114440918 0.0 13.250184285251423 0.24081600438157302 14.052442311627452 0.07595148189805911 
Vizier_2 68.61237 18.264895 0 1 1 1 80 X 0.0 0.0     13.630000114440918 0.0 13.043078997386218 0.36338982435816547 13.791676461600517 0.013338116884916928 
Vizier_3 68.6123654 18.26597 0 1 1 1 80 X 0.0 0.0     NaN NaN NaN NaN 12.34000015258789 0.0 
Vizier_4 68.587889 18.313362 0 1 1 1 80 X 0.0 0.0     11.359999656677246 0.0 12.308148569200307 0.4076308517168421 13.566282743542823 0.05741612722195377 
Vizier_5 68.558087 18.359189 0 1 1 1 80 X 0.0 0.0     13.789999961853027 0.0 13.215120404203155 0.27377573929805443 13.989110896321655 0.022310968107490226 
Vizier_6 68.553834 18.331381 0 1 1 1 80 X 0.0 0.0     13.250000000000002 0.0 12.404475950029019 0.37095463035660536 13.029999732971191 0.0 
Vizier_7 68.510695 18.402106 0 1 1 1 80 X 0.0 0.0     12.394183817022132 0.4425088814585827 12.154556690941815 0.10786643408753704 12.918783547033721 0.026640377648313063 
Vizier_8 68.475887 18.033087 0 1 1 1 80 X 0.0 0.0     13.670000076293947 0.0 12.956190457637991 0.36490694532468204 13.674737349611174 0.0047378139113885 
Vizier_9 68.469809 18.054764 0 1 1 1 80 X 0.0 0.0     13.38000011444092 0.0 14.119276994834507 0.06288266333306503 15.725000381469727 0.0 
Vizier_10 68.377745 18.35247 0 1 1 1 80 X 0.0 0.0     13.289999961853027 0.0 12.380149621834269 0.36522797412283303 13.286886240796798 0.0061563423074364465 
Vizier_11 68.330848 18.180348 0 1 1 1 80 X 0.0 0.0     14.100000381469728 0.0 13.357637139740808 0.28312461975494685 14.082607048627025 0.01971943440522317 
Vizier_12 68.329162 18.096448 0 1 1 1 80 X 0.0 0.0     11.55717100598893 0.18574070250639352 11.935784123219017 0.08117336090916716 12.577527891405865 0.05117988171310728 
Vizier_13 68.329759 18.188695 0 1 1 1 80 X 0.0 0.0     11.270000457763672 0.0 12.146248750283528 0.3524473150239622 12.895483365436656 0.05817994103606594 
Vizier_14 68.329078 18.347948 0 1 1 1 80 X 0.0 0.0     11.146002502938689 0.2887545185341658 11.96824666690622 0.3988806621961931 13.210746701080565 0.09228387786632553 
Vizier_15 68.328513 18.349923 0 1 1 1 80 X 0.0 0.0     NaN NaN 14.992574449991826 0.7807769621912204 15.534209373264618 0.041873133078281555 
Vizier_16 68.300281 18.265259 0 1 1 1 80 X 0.0 0.0     11.09000015258789 0.0 11.499644363967505 0.01458652880763367 12.321820384859013 0.08718158783179675 
Vizier_17 68.295687 18.023789 0 1 1 1 80 X 0.0 0.0     14.15999984741211 0.0 13.559248169038526 0.2073220008407901 14.242951420329458 0.011920215969620784 
Vizier_18 68.290392 18.029517 0 1 1 1 80 X 0.0 0.0     13.619999885559082 0.0 13.014394432718642 0.3745909519950832 13.567155929733572 0.033134075916796846 
Vizier_19 68.230228 18.1196 0 1 1 1 80 X 0.0 0.0     13.289999961853027 0.0 12.61124142049395 0.35220359753544983 13.26384106573287 0.034311219650113856 
Vizier_20 68.226578 18.088164 0 1 1 1 80 X 0.0 0.0     11.300000190734865 0.0 12.40517855946667 0.026432020018720692 13.487416899333557 0.0023322688832170257 
Vizier_21 68.229256 18.400517 0 1 1 1 80 X 0.0 0.0     13.229999542236328 0.0 12.575150588486263 0.2715776777425205 13.308285687717202 0.026046210020000515 
Vizier_22 68.192642 18.154514 0 1 1 1 80 X 0.0 0.0     13.640000343322756 0.0 13.097672851619286 0.02024547763116402 13.890275940916117 0.10260135436005235 
Vizier_23 68.192989 18.171406 0 1 1 1 80 X 0.0 0.0     11.3100004196167 0.0 12.098111563358069 0.006182955314729455 12.90855271473546 0.0054353318130377914 
Vizier_24 68.199 18.252017 0 1 1 1 80 X 0.0 0.0     13.989999771118164 0.0 13.31841803798251 0.36692662434334267 13.950999985935582 0.0006673427613286265 
Vizier_25 68.222339 18.040881 0 1 1 1 80 X 0.0 0.0     14.029999732971191 0.0 13.682301778801424 0.4039767462151307 14.411999702453615 0.0 
Vizier_26 68.266825 18.112562 0 1 1 1 80 X 0.0 0.0     14.380000114440918 0.0 13.915102572406866 0.348966548692875 14.505999565124512 0.0 
Vizier_27 68.2802 17.994142 0 1 1 1 80 X 0.0 0.0     14.149999618530273 0.0 13.581610815376006 0.40210857809475264 14.241230311322184 0.010475104892533338 
Vizier_28 68.304848 17.999384 0 1 1 1 80 X 0.0 0.0     13.210000038146974 0.0 12.403307534800197 0.014138699837593194 13.235714646611116 0.006569176183653269 
Vizier_29 68.320845 18.011648 0 1 1 1 80 X 0.0 0.0     14.329999923706056 0.0 13.757020781188638 0.19115618792205424 14.420327231458526 0.005702048155384887 
Vizier_30 68.329242 18.287031 0 1 1 1 80 X 0.0 0.0     14.050000190734863 0.0 13.75908695455706 0.44941794605153795 14.699656619934283 0.14536738288395235 
Vizier_31 68.345353 18.008223 0 1 1 1 80 X 0.0 0.0     14.03999996185303 0.0 13.20259811694333 0.011736003154068086 13.911999702453615 0.0 
Vizier_32 68.354589 17.927764 0 1 1 1 80 X 0.0 0.0     13.489999771118164 0.0 12.743132131595814 0.18020283093230027 13.46986013241237 0.05486394781155113 
Vizier_33 68.386823 18.000139 0 1 1 1 80 X 0.0 0.0     13.510000228881838 0.0 13.543952336960281 0.193596756146853 14.045000076293945 0.0 
Vizier_34 68.395395 17.941089 0 1 1 1 80 X 0.0 0.0     13.840000152587892 0.0 13.478195369715875 0.34004038391856284 14.32209597145756 0.003072161062409151 
Vizier_35 68.398298 17.972648 0 1 1 1 80 X 0.0 0.0     13.390000343322754 0.0 12.701672793138773 0.004583335717121884 13.365591364490827 0.0015238655389016031 
Vizier_36 68.417181 18.073489 0 1 1 1 80 X 0.0 0.0     14.149999618530273 0.0 13.702598116943332 0.011736003154069863 14.593999862670898 0.0 
Vizier_37 68.467737 17.912328 0 1 1 1 80 X 0.0 0.0     13.199999809265137 0.0 12.237988982897654 0.3510150655047788 12.980971282003573 0.026869885507391444 
Vizier_38 68.488842 18.187034 0 1 1 1 80 X 0.0 0.0     14.270000457763672 0.0 13.909983164624286 0.29973737324751326 14.684413754478145 0.041524404466008136 
Vizier_39 68.579159 17.962884 0 1 1 1 80 X 0.0 0.0     11.489999771118164 0.0 12.425157477312684 0.35761372332123464 13.26273366695991 0.027931202498738372 
Vizier_40 68.613987 17.906875 0 1 1 1 80 X 0.0 0.0     14.100000381469728 0.0 13.655199164760912 0.24938715263490252 14.340999603271484 0.0 
Vizier_41 68.675945 18.06552 0 1 1 1 80 X 0.0 0.0     14.060000419616701 0.0 13.61241116336576 0.32647350814816534 14.221021809052054 0.018028115910496467 
