# name, ra dec R:0-1 G:0-1 B:0-1 alpha size band jd count I_mag I_mag_Err R_mag R_mag_Err V_mag V_mag_Err 
SIMBAD_0 68.62361166666666 18.347499444444445 0 1 1 1 80 X 0.0 0.0     NaN NaN NaN NaN 11.399999618530273 0.0 
SIMBAD_1 68.61145708333332 18.261562777777776 0 1 1 1 80 X 0.0 0.0     NaN NaN 15.489999771118166 0.0 15.909999847412111 0.0 
SIMBAD_2 68.42496874999999 18.407608888888888 0 1 1 1 80 X 0.0 0.0     NaN NaN NaN NaN 11.75 0.0 
SIMBAD_3 68.37772208333332 18.35239055555556 0 1 1 1 80 X 0.0 0.0     NaN NaN NaN NaN 13.5 0.0 
SIMBAD_4 68.36068208333333 18.312022777777777 0 1 1 1 80 X 0.0 0.0     NaN NaN NaN NaN 11.210000038146973 0.0 
SIMBAD_5 68.33082041666665 18.18032638888889 0 1 1 1 80 X 0.0 0.0     NaN NaN NaN NaN 14.000000000000002 0.0 
SIMBAD_6 68.32923749999999 18.096434444444444 0 1 1 1 80 X 0.0 0.0     NaN NaN NaN NaN 13.0 0.0 
SIMBAD_7 68.32979166666667 18.188605 0 1 1 1 80 X 0.0 0.0     NaN NaN NaN NaN 13.0 0.0 
SIMBAD_8 68.32909458333333 18.347644166666665 0 1 1 1 80 X 0.0 0.0     NaN NaN NaN NaN 13.5 0.0 
SIMBAD_9 68.30895749999999 18.269235277777778 0 1 1 1 80 X 0.0 0.0     NaN NaN NaN NaN 11.390000343322754 0.0 
SIMBAD_10 68.30023624999998 18.264961666666668 0 1 1 1 80 X 0.0 0.0     NaN NaN NaN NaN 12.5 0.0 
SIMBAD_11 68.23011374999999 18.119565833333333 0 1 1 1 80 X 0.0 0.0     NaN NaN NaN NaN 13.5 0.0 
SIMBAD_12 68.22656375 18.0881525 0 1 1 1 80 X 0.0 0.0     NaN NaN NaN NaN 13.5 0.0 
SIMBAD_13 68.22924875 18.40049861111111 0 1 1 1 80 X 0.0 0.0     NaN NaN NaN NaN 13.5 0.0 
SIMBAD_14 68.19260208333331 18.154392777777776 0 1 1 1 80 X 0.0 0.0     NaN NaN 13.699999809265137 0.0 13.899999618530273 0.0 
SIMBAD_15 68.19301041666665 18.17142638888889 0 1 1 1 80 X 0.0 0.0     NaN NaN NaN NaN 13.0 0.0 
SIMBAD_16 68.30502749999998 17.999191111111113 0 1 1 1 80 X 0.0 0.0     NaN NaN NaN NaN 13.0 0.0 
SIMBAD_17 68.35450458333332 17.927644722222222 0 1 1 1 80 X 0.0 0.0     NaN NaN NaN NaN 13.5 0.0 
