# name, ra dec R:0-1 G:0-1 B:0-1 alpha size band jd count 
1_8 68.61225456763495 18.265153228501678 1 0 1 1 30 I 2458491.56799249 82873.91795331985
1_10 68.58791728147689 18.313321866312478 1 0 1 1 30 I 2458491.56799249 157532.68915795215
1_12 68.55803592095405 18.35926561721569 1 0 1 1 30 I 2458491.56799249 77123.45560573619
1_13 68.55346039624403 18.331635482718223 1 0 1 1 30 I 2458491.56799249 158897.9841438592
1_16 68.51054079293743 18.40214853315264 1 0 1 1 30 I 2458491.56799249 171511.02574085753
1_20 68.47036824520514 18.05467751795025 1 0 1 1 30 I 2458491.56799249 75230.8189558992
1_26 68.37758117268596 18.352431441497114 1 0 1 1 30 I 2458491.56799249 132262.5826232558
1_31 68.33083499396375 18.180408091219185 1 0 1 1 30 I 2458491.56799249 71214.18236500875
1_32 68.32932455066144 18.09651021849127 1 0 1 1 30 I 2458491.56799249 196899.57744189884
1_33 68.3298092509914 18.188659981952306 1 0 1 1 30 I 2458491.56799249 244034.0967481957
1_35 68.32893945956313 18.347665933432673 1 0 1 1 30 I 2458491.56799249 244276.02205921436
1_36 68.32832723959616 18.349591183710324 1 0 1 1 30 I 2458491.56799249 244276.02205921436
1_39 68.30015744938343 18.264898859087747 1 0 1 1 30 I 2458491.56799249 276991.7661986181
3_0 68.66632674234735 18.09261336375263 1 0 1 1 30 V 2458492.56429361 43361.37112777203
3_1 68.65376834987008 18.34558406602514 1 0 1 1 30 V 2458492.56429361 35379.80633450633
3_9 68.61226573038708 18.26519718552213 1 0 1 1 30 V 2458492.56429361 63714.15812848619
3_12 68.58790463051469 18.313361975077015 1 0 1 1 30 V 2458492.56429361 79443.84971879973
3_14 68.55803004295295 18.359340089852065 1 0 1 1 30 V 2458492.56429361 54134.272262899
3_24 68.4172086325567 18.073632287481935 1 0 1 1 30 V 2458492.56429361 30749.870821436918
3_26 68.37753682429052 18.352495635041173 1 0 1 1 30 V 2458492.56429361 100720.40004898133
3_27 68.37765503621927 18.408484262406116 1 0 1 1 30 V 2458492.56429361 41872.34040894704
3_31 68.33078886871722 18.180440046573292 1 0 1 1 30 V 2458492.56429361 48190.69884325714
3_34 68.32914701181362 18.287115819898947 1 0 1 1 30 V 2458492.56429361 28260.996948273176
3_41 68.29028442149963 18.029385977327085 1 0 1 1 30 V 2458492.56429361 81164.62881877628
3_42 68.26673920349607 18.112368108714545 1 0 1 1 30 V 2458492.56429361 34227.75558348612
3_46 68.22879572459001 18.400720438105697 1 0 1 1 30 V 2458492.56429361 104913.19339276866
3_47 68.22210864339604 18.040695580148697 1 0 1 1 30 V 2458492.56429361 35492.89558691089
5_1 68.65372272549052 18.34555356578974 1 0 1 1 30 R 2458492.56588635 64712.47403050639
5_3 68.63093287697784 18.217225205209033 1 0 1 1 30 R 2458492.56588635 87117.23629260478
5_7 68.61869385833188 18.376660514152608 1 0 1 1 30 R 2458492.56588635 67183.53834002248
5_9 68.611460339279 18.017663260094665 1 0 1 1 30 R 2458492.56588635 103282.31985653864
5_10 68.61221621001422 18.265188344375204 1 0 1 1 30 R 2458492.56588635 121402.24357376824
5_13 68.587867502088 18.313372393066498 1 0 1 1 30 R 2458492.56588635 193901.30293032294
5_16 68.55797392931936 18.35931504653997 1 0 1 1 30 R 2458492.56588635 108581.62674412644
5_17 68.55341018065707 18.331685466123382 1 0 1 1 30 R 2458492.56588635 239448.30658056645
5_18 68.54531406284933 18.38160597506071 1 0 1 1 30 R 2458492.56588635 66251.15327052223
5_20 68.51047613103019 18.402210405138476 1 0 1 1 30 R 2458492.56588635 260194.43905935198
5_23 68.47594437794152 18.03319390344526 1 0 1 1 30 R 2458492.56588635 129030.33293333583
5_28 68.41718734119667 18.07365694886864 1 0 1 1 30 R 2458492.56588635 67139.33704555444
5_30 68.37751773117675 18.352502222445736 1 0 1 1 30 R 2458492.56588635 190409.125646398
5_31 68.37763313358309 18.408472911146426 1 0 1 1 30 R 2458492.56588635 77793.8620287614
5_36 68.33077608678029 18.180466722762244 1 0 1 1 30 R 2458492.56588635 96971.76860341153
5_37 68.32928123791392 18.096555553688088 1 0 1 1 30 R 2458492.56588635 318695.7730016175
5_38 68.32977209933662 18.188732655414945 1 0 1 1 30 R 2458492.56588635 313694.3706926976
5_40 68.32889962194368 18.347745962639422 1 0 1 1 30 R 2458492.56588635 265033.3249072506
5_41 68.32826412435405 18.34969599059369 1 0 1 1 30 R 2458492.56588635 265033.3249072506
5_46 68.29556187213366 18.023593612713835 1 0 1 1 30 R 2458492.56588635 123493.91189727072
5_48 68.29027315361488 18.02941784618998 1 0 1 1 30 R 2458492.56588635 125946.71226813717
5_52 68.25430051061781 18.33056280002269 1 0 1 1 30 R 2458492.56588635 85215.98877765913
5_58 68.22207708119525 18.04074549919049 1 0 1 1 30 R 2458492.56588635 82178.52065398608
6_0 68.66628175109422 18.092599672293943 1 0 1 1 30 V 2458492.56343425 42008.99980011786
6_1 68.65369229922618 18.34554435629793 1 0 1 1 30 V 2458492.56343425 35280.29852175874
6_5 68.61869513140402 18.376669972809044 1 0 1 1 30 V 2458492.56343425 38718.967230639406
6_7 68.61221133336694 18.265206762197813 1 0 1 1 30 V 2458492.56343425 63607.13207662556
6_8 68.58783091319668 18.313362936782205 1 0 1 1 30 V 2458492.56343425 78748.65672592458
6_10 68.55795699710235 18.359304735827557 1 0 1 1 30 V 2458492.56343425 54232.29377929821
6_12 68.54529169634822 18.381618281677515 1 0 1 1 30 V 2458492.56343425 35185.11831990015
6_14 68.48874784384164 18.18726278372189 1 0 1 1 30 V 2458492.56343425 28056.615919535907
6_20 68.37749532016959 18.352494547916468 1 0 1 1 30 V 2458492.56343425 100541.46150849128
6_23 68.34415416646674 18.02141804482099 1 0 1 1 30 V 2458492.56343425 41506.98737061139
7_3 68.63086954788518 18.217196826303596 1 0 1 1 30 I 2458492.569831 64886.86614817021
7_9 68.61217332612044 18.265170848141278 1 0 1 1 30 I 2458492.569831 81949.25901212974
7_11 68.58783490445724 18.313336699242686 1 0 1 1 30 I 2458492.569831 154551.11677752982
7_13 68.55796729277063 18.359287184856434 1 0 1 1 30 I 2458492.569831 77339.18082266883
7_14 68.55337612326822 18.331664489791443 1 0 1 1 30 I 2458492.569831 156028.2093907536
7_17 68.51046039868892 18.40216602336242 1 0 1 1 30 I 2458492.569831 170180.63816735474
7_19 68.47590005879505 18.03322435537861 1 0 1 1 30 I 2458492.569831 88896.9990456686
7_20 68.47029938313572 18.054734678134675 1 0 1 1 30 I 2458492.569831 75088.9613537502
7_27 68.37751755230157 18.35248709443357 1 0 1 1 30 I 2458492.569831 129901.93622399053
7_33 68.32926854312618 18.096583566150194 1 0 1 1 30 I 2458492.569831 194530.05539517524
7_34 68.32976491196254 18.188746445049993 1 0 1 1 30 I 2458492.569831 241867.7574834999
7_36 68.32889280719716 18.34772354594254 1 0 1 1 30 I 2458492.569831 240185.98356210947
7_37 68.32826925951281 18.349666491323568 1 0 1 1 30 I 2458492.569831 240185.98356210947
7_40 68.30010275673848 18.264970938708192 1 0 1 1 30 I 2458492.569831 275679.0646182124
7_43 68.29025199598617 18.029443282422108 1 0 1 1 30 I 2458492.569831 78938.61043026531
7_45 68.22989478813427 18.11961450132909 1 0 1 1 30 I 2458492.569831 128329.53541302381
7_46 68.22638099388355 18.088160517725715 1 0 1 1 30 I 2458492.569831 194858.12278326732
7_47 68.22882438775656 18.400704613295343 1 0 1 1 30 I 2458492.569831 131961.5813039607
8_3 68.63093134337332 18.217271599221412 1 0 1 1 30 I 2458492.56903694 63100.3631295026
8_9 68.61221715546498 18.26524022921016 1 0 1 1 30 I 2458492.56903694 80924.86230141105
8_10 68.58785237257119 18.313398572235858 1 0 1 1 30 I 2458492.56903694 149305.65488931566
8_13 68.5533797371311 18.331720391798584 1 0 1 1 30 I 2458492.56903694 152675.2613641733
8_16 68.51045332573453 18.40221843583288 1 0 1 1 30 I 2458492.56903694 167163.54990456515
8_19 68.47596591174396 18.033214444902313 1 0 1 1 30 I 2458492.56903694 85101.92471770546
8_20 68.47035112972245 18.054721295274803 1 0 1 1 30 I 2458492.56903694 70197.89448781875
8_27 68.37749535996933 18.352493631725732 1 0 1 1 30 I 2458492.56903694 128489.6307751521
8_32 68.33078867195835 18.180474646233503 1 0 1 1 30 I 2458492.56903694 66688.30820092288
8_33 68.32931186872514 18.09656960777873 1 0 1 1 30 I 2458492.56903694 190675.8694130013
8_34 68.32976919321891 18.188724498452626 1 0 1 1 30 I 2458492.56903694 237227.64040605712
8_36 68.32888014726937 18.347736645562144 1 0 1 1 30 I 2458492.56903694 203262.37415414094
8_40 68.30011506113671 18.264970514916744 1 0 1 1 30 I 2458492.56903694 272523.4306279939
8_43 68.29032137165295 18.02942102985028 1 0 1 1 30 I 2458492.56903694 77617.62526888121
8_45 68.22993586251722 18.119580082742132 1 0 1 1 30 I 2458492.56903694 125268.60118591454
8_46 68.22641729073797 18.088124657554935 1 0 1 1 30 I 2458492.56903694 190928.61304870114
9_3 68.61133390322973 18.01774720574792 1 0 1 1 30 I 2458493.56853693 89895.8417968562
9_4 68.6120529253572 18.26526379756199 1 0 1 1 30 I 2458493.56853693 104474.8181319786
9_5 68.58770516285165 18.31338326400824 1 0 1 1 30 I 2458493.56853693 160194.41904605995
9_6 68.5532448192165 18.331730449170724 1 0 1 1 30 I 2458493.56853693 157247.29666642757
9_7 68.51031614169571 18.402242421172915 1 0 1 1 30 I 2458493.56853693 171046.06696479337
9_8 68.47581182244336 18.033285741441954 1 0 1 1 30 I 2458493.56853693 104548.14104365115
9_9 68.4702210709443 18.054833281924644 1 0 1 1 30 I 2458493.56853693 81544.4851276676
9_14 68.37736016532632 18.352577998837926 1 0 1 1 30 I 2458493.56853693 130393.11311046334
9_17 68.3291281731487 18.096679537778456 1 0 1 1 30 I 2458493.56853693 197833.48697629466
9_18 68.32962282149803 18.188826061675737 1 0 1 1 30 I 2458493.56853693 247200.8935083024
9_19 68.32873852921718 18.347858437857887 1 0 1 1 30 I 2458493.56853693 240968.96335100583
9_21 68.30058194872734 18.264994191487645 1 0 1 1 30 I 2458493.56853693 270706.9585132821
9_22 68.29998365624351 18.265103333578253 1 0 1 1 30 I 2458493.56853693 270706.9585132821
9_23 68.29014155905315 18.029533524955603 1 0 1 1 30 I 2458493.56853693 85977.36455958107
9_25 68.2262367892588 18.088234620496074 1 0 1 1 30 I 2458493.56853693 208867.72562932275
10_5 68.61792624418545 18.376553311341063 1 0 1 1 30 V 2458493.56380615 37873.69358258459
10_7 68.61160495656922 18.26526725426781 1 0 1 1 30 V 2458493.56380615 62248.66390280274
10_9 68.58722267207433 18.313334879160113 1 0 1 1 30 V 2458493.56380615 77992.05647838577
10_11 68.55734028933881 18.359169309007246 1 0 1 1 30 V 2458493.56380615 53435.65164803233
10_17 68.47583827178237 18.033474711401077 1 0 1 1 30 V 2458493.56380615 69095.69380036734
10_36 68.29578439314642 18.023685742669244 1 0 1 1 30 V 2458493.56380615 77329.76454275563
12_5 68.63094582214582 18.21716994664965 1 0 1 1 30 R 2458491.567211 83705.23591980142
12_13 68.61224670428648 18.265137008810107 1 0 1 1 30 R 2458491.567211 119220.59056028613
12_17 68.58790527348347 18.31330041692811 1 0 1 1 30 R 2458491.567211 187439.46054215526
12_20 68.55803964948835 18.359258425234998 1 0 1 1 30 R 2458491.567211 106664.18828818316
12_22 68.55346819877265 18.33162392802752 1 0 1 1 30 R 2458491.567211 235798.35023331392
12_25 68.51054804033662 18.402139990754225 1 0 1 1 30 R 2458491.567211 253400.1532100645
12_29 68.47595213543619 18.033166723106888 1 0 1 1 30 R 2458491.567211 125460.93646110185
12_40 68.37758657109468 18.352432370209424 1 0 1 1 30 R 2458491.567211 187417.7011009151
12_41 68.37772307099424 18.408415779151987 1 0 1 1 30 R 2458491.567211 76079.20945738602
12_45 68.34418829273223 18.021376507087478 1 0 1 1 30 R 2458491.567211 82482.28506502666
12_46 68.33082710149193 18.180431716206407 1 0 1 1 30 R 2458491.567211 96580.51873638002
12_47 68.32930622570528 18.096533415324814 1 0 1 1 30 R 2458491.567211 315577.39336846385
12_48 68.329810990752 18.18868159464469 1 0 1 1 30 R 2458491.567211 308652.1604140239
12_50 68.32895045999632 18.34768942313218 1 0 1 1 30 R 2458491.567211 242943.17174672295
12_51 68.32833082656012 18.349625913890026 1 0 1 1 30 R 2458491.567211 242943.17174672295
12_56 68.30015191227498 18.264915066876455 1 0 1 1 30 R 2458491.567211 424425.1607527189
12_60 68.29027766076082 18.029376983624136 1 0 1 1 30 R 2458491.567211 124111.21180474092
12_66 68.2299273461105 18.119540322517057 1 0 1 1 30 R 2458491.567211 187858.91917943535
12_68 68.22903808484838 18.400670989010198 1 0 1 1 30 R 2458491.567211 122726.08617076854
15_0 68.66643983564192 18.09267486548646 1 0 1 1 30 R 2458492.56745289 89754.18579391725
15_1 68.65367850860322 18.34555767937911 1 0 1 1 30 R 2458492.56745289 63344.00107416109
15_3 68.63091586568133 18.217234400549692 1 0 1 1 30 R 2458492.56745289 84145.96456127858
15_7 68.618673762454 18.376681572608902 1 0 1 1 30 R 2458492.56745289 66160.29503665378
15_9 68.61220926519462 18.26522527104587 1 0 1 1 30 R 2458492.56745289 119530.28008703058
15_12 68.58784785052907 18.313378752703667 1 0 1 1 30 R 2458492.56745289 186282.28855841036
15_14 68.55794512373056 18.35933008544571 1 0 1 1 30 R 2458492.56745289 105542.49135502127
15_15 68.55338212352375 18.331703799576054 1 0 1 1 30 R 2458492.56745289 235050.25216143543
15_16 68.54527155664587 18.381625219012715 1 0 1 1 30 R 2458492.56745289 64382.67779632128
15_18 68.51044200197941 18.402225635530485 1 0 1 1 30 R 2458492.56745289 251898.32561880804
15_20 68.47592481886264 18.0332043992999 1 0 1 1 30 R 2458492.56745289 125581.99740705788
15_24 68.41715922290884 18.07366638917487 1 0 1 1 30 R 2458492.56745289 66391.67695548013
15_25 68.37748754042256 18.35252482175983 1 0 1 1 30 R 2458492.56745289 187765.27495146234
15_26 68.37758472617499 18.408513938309945 1 0 1 1 30 R 2458492.56745289 75629.79253565046
15_30 68.32924982548322 18.096592400425017 1 0 1 1 30 R 2458492.56745289 313900.37582080625
15_31 68.32973461704579 18.188757552816316 1 0 1 1 30 R 2458492.56745289 309868.05637458677
15_33 68.32883823272537 18.347784300906174 1 0 1 1 30 R 2458492.56745289 235096.06528140494
15_38 68.29554684626413 18.023623009521646 1 0 1 1 30 R 2458492.56745289 121831.93611648217
15_39 68.29025062840859 18.02945305791376 1 0 1 1 30 R 2458492.56745289 123065.72123977703
15_41 68.22986898137962 18.11962069075718 1 0 1 1 30 R 2458492.56745289 186320.86728731042
16_2 68.61134956289719 18.017720862503545 1 0 1 1 30 R 2458493.56618446 102204.39485163712
16_3 68.58772773286064 18.313417152226506 1 0 1 1 30 R 2458493.56618446 188837.0185795966
16_4 68.55329884480967 18.33174315993916 1 0 1 1 30 R 2458493.56618446 232436.85967690157
16_5 68.51036510929359 18.40233873153017 1 0 1 1 30 R 2458493.56618446 252963.08560437054
16_6 68.47587678241634 18.03330843209851 1 0 1 1 30 R 2458493.56618446 127274.11339709071
16_9 68.37735376787374 18.35258629276926 1 0 1 1 30 R 2458493.56618446 186335.92769478532
16_11 68.3291712313963 18.09665585563182 1 0 1 1 30 R 2458493.56618446 310055.80040624994
16_12 68.32961907353602 18.188816553031398 1 0 1 1 30 R 2458493.56618446 306539.1683733191
16_13 68.328726046809 18.347858355527187 1 0 1 1 30 R 2458493.56618446 263175.06560443377
16_17 68.29019124050903 18.02951217989524 1 0 1 1 30 R 2458493.56618446 123956.4084865077
16_18 68.22979296607214 18.119676403964053 1 0 1 1 30 R 2458493.56618446 187181.0953947954
16_19 68.22628582360656 18.08825324572528 1 0 1 1 30 R 2458493.56618446 210081.0015914616
17_3 68.63094266029682 18.217191233222508 1 0 1 1 30 I 2458492.56823317 62542.1828116857
17_8 68.61225522978377 18.26517289290855 1 0 1 1 30 I 2458492.56823317 80530.60144715311
17_9 68.61182883631751 18.261476257510743 1 0 1 1 30 I 2458492.56823317 80530.60144715311
17_12 68.587891533577 18.313328264441843 1 0 1 1 30 I 2458492.56823317 149690.20089945674
17_14 68.55801946644435 18.359284630918552 1 0 1 1 30 I 2458492.56823317 75900.65241102054
17_15 68.55344008905416 18.331664610266664 1 0 1 1 30 I 2458492.56823317 153566.1378142918
17_22 68.47595102642951 18.033160316274454 1 0 1 1 30 I 2458492.56823317 85029.15609928302
17_30 68.37755669947835 18.352470209041833 1 0 1 1 30 I 2458492.56823317 129015.7692419478
17_37 68.32930718105834 18.0965379562873 1 0 1 1 30 I 2458492.56823317 190903.64522926928
17_38 68.32979096461015 18.188697803010516 1 0 1 1 30 I 2458492.56823317 237861.16255402227
17_40 68.32892167669895 18.347714299311775 1 0 1 1 30 I 2458492.56823317 205377.46627212007
17_41 68.32829895281851 18.349649244246606 1 0 1 1 30 I 2458492.56823317 205614.89319268733
17_44 68.30013840445396 18.26494678167937 1 0 1 1 30 I 2458492.56823317 272279.4330460741
17_47 68.29028768881007 18.02937975967898 1 0 1 1 30 I 2458492.56823317 78440.08038173642
17_51 68.22992248080635 18.119556124355398 1 0 1 1 30 I 2458492.56823317 125451.24949097882
18_0 68.66644614837034 18.092632159854606 1 0 1 1 30 V 2458491.5648587 74341.87455987529
18_3 68.61870443516815 18.376602610891922 1 0 1 1 30 V 2458491.5648587 38606.91166214299
18_5 68.61222453460876 18.265163789538615 1 0 1 1 30 V 2458491.5648587 62503.14567267943
18_6 68.58788981036851 18.313341017797487 1 0 1 1 30 V 2458491.5648587 79121.97059244744
18_9 68.5534358810711 18.33166042455673 1 0 1 1 30 V 2458491.5648587 129937.99617475065
18_15 68.37755651826662 18.352468416409444 1 0 1 1 30 V 2458491.5648587 99534.523159861
18_18 68.34417019400449 18.021388250847195 1 0 1 1 30 V 2458491.5648587 41692.22107290656
18_22 68.32891424542707 18.347710926321067 1 0 1 1 30 V 2458491.5648587 106124.11851156765
18_28 68.22639089516193 18.088126876093664 1 0 1 1 30 V 2458491.5648587 86531.67361126693
18_29 68.22881481327909 18.400690891195136 1 0 1 1 30 V 2458491.5648587 94144.27081253096
22_1 68.66644964352398 18.092643241591897 1 0 1 1 30 I 2458491.56877346 69655.51996304787
22_10 68.61223859963766 18.2651576480993 1 0 1 1 30 I 2458491.56877346 80401.29621959789
22_11 68.61180948254182 18.26145935667547 1 0 1 1 30 I 2458491.56877346 80401.29621959789
22_13 68.587897814334 18.313316422846682 1 0 1 1 30 I 2458491.56877346 151018.75338896213
22_15 68.55802202914293 18.359264824537707 1 0 1 1 30 I 2458491.56877346 75945.1712456263
22_16 68.55344566305965 18.331641534103642 1 0 1 1 30 I 2458491.56877346 153749.74556385702
22_19 68.510528717917 18.4021437405448 1 0 1 1 30 I 2458491.56877346 166668.52118529723
22_22 68.47594898417681 18.03317345967473 1 0 1 1 30 I 2458491.56877346 83399.26231884619
22_23 68.47035317997215 18.054687742938384 1 0 1 1 30 I 2458491.56877346 71162.21293477164
22_30 68.37756763063335 18.35244449141838 1 0 1 1 30 I 2458491.56877346 129436.24705078907
22_36 68.33081481973333 18.180424635326805 1 0 1 1 30 I 2458491.56877346 68510.1429926228
22_37 68.32930855400942 18.096527113270135 1 0 1 1 30 I 2458491.56877346 191265.24165763363
22_38 68.32979609970978 18.188681143252882 1 0 1 1 30 I 2458491.56877346 237367.33713303175
22_40 68.32893588043903 18.347691152838035 1 0 1 1 30 I 2458491.56877346 201639.39985110168
22_41 68.32830788417321 18.349638646453283 1 0 1 1 30 I 2458491.56877346 201639.39985110174
22_44 68.30014285877876 18.264921458937494 1 0 1 1 30 I 2458491.56877346 271583.83488388726
22_47 68.29029046545149 18.029382099193363 1 0 1 1 30 I 2458491.56877346 78697.44686747275
22_49 68.22992349518398 18.1195481366143 1 0 1 1 30 I 2458491.56877346 125112.59703297152
23_10 68.54535404145315 18.38158210383148 1 0 1 1 30 R 2458491.56643016 69278.84100430814
23_16 68.41720190188681 18.073645913134136 1 0 1 1 30 R 2458491.56643016 84048.4473566142
23_17 68.3775437634461 18.35246437010344 1 0 1 1 30 R 2458491.56643016 192402.14999221906
23_18 68.37765875006363 18.408440320152295 1 0 1 1 30 R 2458491.56643016 79142.5809510337
23_25 68.3289085686596 18.34771250414776 1 0 1 1 30 R 2458491.56643016 273652.8434002802
23_31 68.22991457264723 18.11955161665806 1 0 1 1 30 R 2458491.56643016 204839.051622125
23_33 68.22887150550305 18.400692544306292 1 0 1 1 30 R 2458491.56643016 154466.69881419267
24_1 68.65374864044676 18.345540070744 1 0 1 1 30 R 2458493.567761 63966.92453256654
24_3 68.63096405220779 18.21720708950469 1 0 1 1 30 R 2458493.567761 86629.30912271253
24_7 68.61872990589644 18.376626692950392 1 0 1 1 30 R 2458493.567761 66295.49383638264
24_10 68.6122521100275 18.265169054122605 1 0 1 1 30 R 2458493.567761 118374.2879538301
24_13 68.58790285490115 18.313349995746318 1 0 1 1 30 R 2458493.567761 189825.09507403843
24_15 68.55802663011096 18.35929945252437 1 0 1 1 30 R 2458493.567761 106802.84802608038
24_16 68.55345418495567 18.331663147823328 1 0 1 1 30 R 2458493.567761 234287.82059890262
24_17 68.5453650289425 18.381587742738642 1 0 1 1 30 R 2458493.567761 64634.151447849
24_19 68.51052480971042 18.402173722519088 1 0 1 1 30 R 2458493.567761 253160.1382251613
24_22 68.47596304897648 18.03315842489333 1 0 1 1 30 R 2458493.567761 128372.67686495648
24_27 68.41721317589933 18.073625533410777 1 0 1 1 30 R 2458493.567761 65136.94867088269
24_29 68.3775680167924 18.3524609828496 1 0 1 1 30 R 2458493.567761 186789.1471469092
24_30 68.37768584775947 18.408447295207978 1 0 1 1 30 R 2458493.567761 75358.94069534275
24_35 68.33081778740946 18.180441759985605 1 0 1 1 30 R 2458493.567761 94640.26365046285
24_36 68.3293073845569 18.09652408465353 1 0 1 1 30 R 2458493.567761 309772.90492292756
24_37 68.32980016227829 18.188693813451103 1 0 1 1 30 R 2458493.567761 305908.3164889549
24_39 68.32893033836798 18.347735627281395 1 0 1 1 30 R 2458493.567761 263795.2559547985
24_44 68.295581985351 18.023547940568903 1 0 1 1 30 R 2458493.567761 119621.9485276638
24_46 68.2902941398199 18.029368011289392 1 0 1 1 30 R 2458493.567761 123767.0142443843
24_48 68.26676419174339 18.112346976925323 1 0 1 1 30 R 2458493.567761 60452.72272096839
24_51 68.22993038083344 18.119532082100474 1 0 1 1 30 R 2458493.567761 187318.32947752264
24_52 68.22640928716906 18.0880892872813 1 0 1 1 30 R 2458493.567761 208914.6845811595
25_0 68.66646235889719 18.09256787982057 1 0 1 1 30 V 2458491.56320821 71155.54265694472
25_3 68.61222672542706 18.265098331630053 1 0 1 1 30 V 2458491.56320821 62977.728852855624
25_6 68.55344858665643 18.331596831706957 1 0 1 1 30 V 2458491.56320821 128115.39629182118
25_11 68.37754434185754 18.352396736664886 1 0 1 1 30 V 2458491.56320821 98691.3174924771
25_14 68.33076678687429 18.180369755170393 1 0 1 1 30 V 2458491.56320821 47073.24172010362
25_17 68.3288886325586 18.34765762540488 1 0 1 1 30 V 2458491.56320821 108339.32645507538
25_23 68.22635104968067 18.08802811420283 1 0 1 1 30 V 2458491.56320821 83328.0047482755
26_0 68.6526971565564 18.345255398051233 1 0 1 1 30 V 2458493.56462337 35225.34520969532
26_5 68.61136556210128 18.265047843770244 1 0 1 1 30 V 2458493.56462337 62158.50875793221
26_6 68.58702572074381 18.313108847952115 1 0 1 1 30 V 2458493.56462337 77867.72129989779
26_7 68.55719110745004 18.358932008732097 1 0 1 1 30 V 2458493.56462337 52762.340503402396
26_11 68.47557154483896 18.03354018912243 1 0 1 1 30 V 2458493.56462337 70044.28274225834
26_19 68.33068525029925 18.18038774805633 1 0 1 1 30 V 2458493.56462337 46305.98304075966
26_26 68.29035851941278 18.02966460570826 1 0 1 1 30 V 2458493.56462337 78351.38277915101
27_3 68.6309835494065 18.217175132347908 1 0 1 1 30 V 2458491.56406927 39847.90024893208
27_8 68.6122897317089 18.265145940983558 1 0 1 1 30 V 2458491.56406927 62394.4520486949
27_10 68.5879326723045 18.313309872916424 1 0 1 1 30 V 2458491.56406927 78372.13014383914
27_12 68.5580588197216 18.35927641083485 1 0 1 1 30 V 2458491.56406927 53448.49109462586
27_13 68.55348848629036 18.33163358449843 1 0 1 1 30 V 2458491.56406927 130195.48529071771
27_14 68.54539790977498 18.381562416771114 1 0 1 1 30 V 2458491.56406927 34369.49003353875
27_18 68.4759796101102 18.03314978979657 1 0 1 1 30 V 2458491.56406927 70349.23627741935
27_22 68.41723608707834 18.07360281531047 1 0 1 1 30 V 2458491.56406927 30184.267988323718
27_23 68.37757691035705 18.352441810094103 1 0 1 1 30 V 2458491.56406927 99057.42825168947
27_26 68.34420295756283 18.021358439814126 1 0 1 1 30 V 2458491.56406927 41490.93126882338
27_31 68.32892936787945 18.34769892275198 1 0 1 1 30 V 2458491.56406927 106306.13663457468
27_40 68.2263993976255 18.088080429037525 1 0 1 1 30 V 2458491.56406927 84824.08443391306
29_9 68.47584010526549 18.03324020688249 1 0 1 1 30 V 2458493.56540598 69114.88704177491
30_1 68.666461220443 18.092661698864937 1 0 1 1 30 I 2458491.56955438 70056.16310097216
30_11 68.61224014697117 18.265160444888394 1 0 1 1 30 I 2458491.56955438 81764.93768268178
30_12 68.61180937672358 18.26146073683579 1 0 1 1 30 I 2458491.56955438 81764.93768268178
30_15 68.58789947388331 18.313322271718246 1 0 1 1 30 I 2458491.56955438 152371.9720092589
30_17 68.55802468412419 18.35926823261889 1 0 1 1 30 I 2458491.56955438 76665.06121004037
30_18 68.55344620729633 18.33164126281844 1 0 1 1 30 I 2458491.56955438 155090.4282859005
30_21 68.51052799622309 18.402146948932696 1 0 1 1 30 I 2458491.56955438 166310.58832131143
30_25 68.47596470083073 18.033184444822712 1 0 1 1 30 I 2458491.56955438 84730.94291544436
30_26 68.4703660634075 18.054699373562492 1 0 1 1 30 I 2458491.56955438 72669.53062616294
30_33 68.37757229594398 18.352439209523745 1 0 1 1 30 I 2458491.56955438 129728.00863468306
30_39 68.33083084036267 18.180421501114438 1 0 1 1 30 I 2458491.56955438 69054.28195610917
30_40 68.32933712682278 18.096533906341868 1 0 1 1 30 I 2458491.56955438 193214.2724905142
30_41 68.32980900174196 18.188678988168377 1 0 1 1 30 I 2458491.56955438 238301.57484393494
30_43 68.32894678519686 18.347681521298114 1 0 1 1 30 I 2458491.56955438 209019.116488202
30_47 68.30015837752634 18.26490841882743 1 0 1 1 30 I 2458491.56955438 271963.3277838385
30_51 68.29032102339669 18.02939269135796 1 0 1 1 30 I 2458491.56955438 79597.56155020335
30_57 68.22995093418142 18.119544809716203 1 0 1 1 30 I 2458491.56955438 127150.86023981772
31_0 68.66630217805077 18.092648273822288 1 0 1 1 30 V 2458492.5650759 40944.63880066725
31_1 68.65365755094831 18.345593636254094 1 0 1 1 30 V 2458492.5650759 35198.99553246642
31_7 68.61219088775783 18.265235423550997 1 0 1 1 30 V 2458492.5650759 62920.27305498146
31_8 68.58779669702139 18.313395917200737 1 0 1 1 30 V 2458492.5650759 78457.63727514372
31_12 68.54525328052688 18.381658606835774 1 0 1 1 30 V 2458492.5650759 35186.78824370534
31_15 68.4758977251977 18.033230189510384 1 0 1 1 30 V 2458492.5650759 71706.6832139295
31_18 68.41711921993632 18.073681321459166 1 0 1 1 30 V 2458492.5650759 30890.872819231627
31_19 68.377447350754 18.352546659692205 1 0 1 1 30 V 2458492.5650759 100587.6775598253
31_33 68.22982908207422 18.119619820465257 1 0 1 1 30 V 2458492.5650759 107189.6023100419
32_0 68.66606486583396 18.092541218195457 1 0 1 1 30 R 2458493.56697859 53394.7660449965
32_1 68.63082244613464 18.21724705155465 1 0 1 1 30 R 2458493.56697859 87325.86200112541
32_2 68.6113584135498 18.01766673370546 1 0 1 1 30 R 2458493.56697859 101624.62156405603
32_3 68.61210973481569 18.265199465904207 1 0 1 1 30 R 2458493.56697859 118369.6601248694
32_4 68.58776050941943 18.313389186558847 1 0 1 1 30 R 2458493.56697859 190462.48052023113
32_5 68.55785375547171 18.35936241819559 1 0 1 1 30 R 2458493.56697859 106687.17422360058
32_6 68.51037006602517 18.402259632320224 1 0 1 1 30 R 2458493.56697859 252773.0390183942
32_7 68.47583045223563 18.03323248420573 1 0 1 1 30 R 2458493.56697859 127572.33346155068
32_11 68.37741485547846 18.352582038586718 1 0 1 1 30 R 2458493.56697859 185989.66783149392
32_14 68.34405857416183 18.02147135320984 1 0 1 1 30 R 2458493.56697859 81398.72456856447
32_15 68.33063804454264 18.180559027610354 1 0 1 1 30 R 2458493.56697859 95061.02020133444
32_16 68.32918224307339 18.096636643481887 1 0 1 1 30 R 2458493.56697859 311056.4199998393
32_17 68.32965254114664 18.188818731676136 1 0 1 1 30 R 2458493.56697859 307151.85595620156
32_18 68.32878006595779 18.34785619146155 1 0 1 1 30 R 2458493.56697859 263873.5614345262
32_22 68.29014436732763 18.02948144220238 1 0 1 1 30 R 2458493.56697859 124132.37008242065
32_23 68.22975987675478 18.119676388339517 1 0 1 1 30 R 2458493.56697859 187677.4393497071
32_24 68.2262408595095 18.088219177438177 1 0 1 1 30 R 2458493.56697859 210543.0706108011
33_61 68.25514052313243 18.330025922734517 1 0 1 1 30 R 2458491.56563715 103784.31351215998
33_62 68.25442553821958 18.330442509213317 1 0 1 1 30 R 2458491.56563715 103784.31351215998
36_2 68.28007048149671 17.99438404645484 1 0 1 1 30 V 2458494.59689922 99443.36349407128
36_3 68.29033838731303 18.029647730473517 1 0 1 1 30 V 2458494.59689922 186430.19171064615
36_7 68.32076664997001 18.011983413598674 1 0 1 1 30 V 2458494.59689922 81375.5352463982
36_9 68.3308009219149 18.180436891034276 1 0 1 1 30 V 2458494.59689922 110067.65941201535
36_11 68.34525538143282 18.008387452330666 1 0 1 1 30 V 2458494.59689922 133140.7695990794
36_13 68.37925106028945 17.94128261435324 1 0 1 1 30 V 2458494.59689922 56251.64304583028
36_14 68.39537957280639 17.94133685721738 1 0 1 1 30 V 2458494.59689922 90046.98961393572
36_18 68.47578059914386 18.033331991334688 1 0 1 1 30 V 2458494.59689922 163566.62104210875
36_21 68.58785349735163 18.313299252348546 1 0 1 1 30 V 2458494.59689922 178585.56281688085
36_27 68.66611933183977 18.092703554415785 1 0 1 1 30 V 2458494.59689922 171248.06100392356
37_6 68.2904403410923 18.029559031246354 1 0 1 1 30 I 2458494.60040152 166802.96020486864
37_7 68.29572799369623 18.023748480997295 1 0 1 1 30 I 2458494.60040152 165303.46753456251
37_10 68.30021615818696 18.264865421962416 1 0 1 1 30 I 2458494.60040152 598527.6617256878
37_12 68.30513770030488 17.999290561907095 1 0 1 1 30 I 2458494.60040152 311617.7545742191
37_17 68.32987306662194 18.188613255759847 1 0 1 1 30 I 2458494.60040152 520046.16613908747
37_18 68.32938235555784 18.096533643215214 1 0 1 1 30 I 2458494.60040152 422656.7180105235
37_19 68.33088290024807 18.18035096361075 1 0 1 1 30 I 2458494.60040152 150624.09825082673
37_22 68.35456787386173 17.92775840692302 1 0 1 1 30 I 2458494.60040152 210032.59810828243
37_26 68.38696140950624 18.00032962857615 1 0 1 1 30 I 2458494.60040152 169028.57619264777
37_27 68.39547675199591 17.941244980125234 1 0 1 1 30 I 2458494.60040152 142401.16566532868
37_28 68.39837136179256 17.972545763257102 1 0 1 1 30 I 2458494.60040152 243290.6496333311
37_34 68.47027999439045 18.054702768364862 1 0 1 1 30 I 2458494.60040152 150431.60023268493
37_38 68.55348876151082 18.3315351119145 1 0 1 1 30 I 2458494.60040152 319655.50016935257
37_40 68.57911412788329 17.96305683892374 1 0 1 1 30 I 2458494.60040152 375654.11027655494
37_41 68.58791720016515 18.31319600562437 1 0 1 1 30 I 2458494.60040152 312476.76997685997
37_44 68.61176318596254 18.26130560525106 1 0 1 1 30 I 2458494.60040152 166706.42121821595
37_45 68.61219911348196 18.265006850618075 1 0 1 1 30 I 2458494.60040152 165209.4870357765
37_46 68.61114474912756 18.017725028191634 1 0 1 1 30 I 2458494.60040152 156246.99965315234
37_51 68.63081815231719 18.217033393343144 1 0 1 1 30 I 2458494.60040152 128893.42324267182
37_53 68.66617394489577 18.092586328736274 1 0 1 1 30 I 2458494.60040152 138608.21953898208
37_55 68.67894607647342 18.302037461025744 1 0 1 1 30 I 2458494.60040152 612786.3054575175
37_57 68.68011615519718 18.21297904861876 1 0 1 1 30 I 2458494.60040152 461505.97331902967
38_1 68.25444830283182 18.330555250159982 1 0 1 1 30 R 2458494.59868628 199445.4669986221
38_2 68.25542785812952 18.330004848886265 1 0 1 1 30 R 2458494.59868628 200846.74907214992
38_4 68.2668949261447 18.112387938415605 1 0 1 1 30 R 2458494.59868628 145400.72381516045
38_5 68.28015000068947 17.99429697530571 1 0 1 1 30 R 2458494.59868628 172577.2175288296
38_7 68.29043289564638 18.02954903557377 1 0 1 1 30 R 2458494.59868628 308315.4460661328
38_9 68.29571539767305 18.023735186703426 1 0 1 1 30 R 2458494.59868628 303148.1553427292
38_11 68.29855866432418 18.22653318612701 1 0 1 1 30 R 2458494.59868628 127157.87280324157
38_14 68.30046945597046 18.23212647040218 1 0 1 1 30 R 2458494.59868628 128025.83487650848
38_16 68.30511828981255 17.999272046388757 1 0 1 1 30 R 2458494.59868628 500128.89299013844
38_20 68.32930311363424 18.28698637901542 1 0 1 1 30 R 2458494.59868628 136999.51208491158
38_21 68.32990430033429 18.18858321036444 1 0 1 1 30 R 2458494.59868628 739745.7859292948
38_22 68.32941862053146 18.09652595503827 1 0 1 1 30 R 2458494.59868628 777624.9892483589
38_23 68.33092414896608 18.180328336458032 1 0 1 1 30 R 2458494.59868628 231666.83871801657
38_24 68.34428274160717 18.021514072617624 1 0 1 1 30 R 2458494.59868628 197040.9920930128
38_25 68.34535227477781 18.008277388358987 1 0 1 1 30 R 2458494.59868628 219401.49275672308
38_26 68.35455023134027 17.927748890315232 1 0 1 1 30 R 2458494.59868628 353597.70157666825
38_31 68.38695130866256 18.00028117682086 1 0 1 1 30 R 2458494.59868628 238910.34429416753
38_32 68.3954606053415 17.941208530140006 1 0 1 1 30 R 2458494.59868628 200824.44284891698
38_33 68.39835091414457 17.972501588290804 1 0 1 1 30 R 2458494.59868628 404591.5776246475
38_35 68.41720468599499 18.073580054611075 1 0 1 1 30 R 2458494.59868628 159346.87219987996
38_39 68.47586684677906 18.03317227878703 1 0 1 1 30 R 2458494.59868628 300129.0803375948
38_40 68.4887994210827 18.187012545115365 1 0 1 1 30 R 2458494.59868628 139807.25198105618
38_42 68.55353668502576 18.331439582334166 1 0 1 1 30 R 2458494.59868628 523669.5033808642
38_44 68.5790935656219 17.962958491099258 1 0 1 1 30 R 2458494.59868628 525283.8386081825
38_45 68.58796066421914 18.31310345187833 1 0 1 1 30 R 2458494.59868628 417889.0246596212
38_48 68.61180940340016 18.261198079260474 1 0 1 1 30 R 2458494.59868628 266596.98663029645
38_49 68.61224497556259 18.26489278135785 1 0 1 1 30 R 2458494.59868628 265195.70455676864
38_50 68.61113787545614 18.01762387388517 1 0 1 1 30 R 2458494.59868628 234201.29572383157
38_56 68.63085493953592 18.216919675364935 1 0 1 1 30 R 2458494.59868628 188523.3874589649
38_58 68.66616724859253 18.092473766295047 1 0 1 1 30 R 2458494.59868628 259785.86238941032
38_61 68.67628379132941 18.065367292249096 1 0 1 1 30 R 2458494.59868628 183450.01236320654
38_62 68.68015893937111 18.21285306405284 1 0 1 1 30 R 2458494.59868628 790721.7671050751
