SIMBAD_0 68.62361166666666 18.347499444444445 0 1 1 1 80 X 0.0 0.0 
SIMBAD_1 68.42496874999999 18.407608888888888 0 1 1 1 80 X 0.0 0.0 
SIMBAD_2 68.37772208333332 18.35239055555556 0 1 1 1 80 X 0.0 0.0 
SIMBAD_3 68.36068208333333 18.312022777777777 0 1 1 1 80 X 0.0 0.0 
SIMBAD_4 68.33082041666665 18.18032638888889 0 1 1 1 80 X 0.0 0.0 
SIMBAD_5 68.32923749999999 18.096434444444444 0 1 1 1 80 X 0.0 0.0 
SIMBAD_6 68.32979166666667 18.188605 0 1 1 1 80 X 0.0 0.0 
SIMBAD_7 68.32909458333333 18.347644166666665 0 1 1 1 80 X 0.0 0.0 
SIMBAD_8 68.32909458333333 18.347644166666665 0 1 1 1 80 X 0.0 0.0 
SIMBAD_9 68.30895749999999 18.269235277777778 0 1 1 1 80 X 0.0 0.0 
SIMBAD_10 68.30833333333332 18.27 0 1 1 1 80 X 0.0 0.0 
SIMBAD_11 68.30023624999998 18.264961666666668 0 1 1 1 80 X 0.0 0.0 
SIMBAD_12 68.23011374999999 18.119565833333333 0 1 1 1 80 X 0.0 0.0 
SIMBAD_13 68.22656375 18.0881525 0 1 1 1 80 X 0.0 0.0 
SIMBAD_14 68.22924875 18.40049861111111 0 1 1 1 80 X 0.0 0.0 
SIMBAD_15 68.19260208333331 18.154392777777776 0 1 1 1 80 X 0.0 0.0 
SIMBAD_16 68.19301041666665 18.17142638888889 0 1 1 1 80 X 0.0 0.0 
SIMBAD_17 68.22656375 18.0881525 0 1 1 1 80 X 0.0 0.0 
SIMBAD_18 68.23011374999999 18.119565833333333 0 1 1 1 80 X 0.0 0.0 
SIMBAD_19 68.30023624999998 18.264961666666668 0 1 1 1 80 X 0.0 0.0 
SIMBAD_20 68.30502749999998 17.999191111111113 0 1 1 1 80 X 0.0 0.0 
SIMBAD_21 68.32979166666667 18.188605 0 1 1 1 80 X 0.0 0.0 
SIMBAD_22 68.32923749999999 18.096434444444444 0 1 1 1 80 X 0.0 0.0 
SIMBAD_23 68.33082041666665 18.18032638888889 0 1 1 1 80 X 0.0 0.0 
SIMBAD_24 68.35450458333332 17.927644722222222 0 1 1 1 80 X 0.0 0.0 
SIMBAD_25 68.19260208333331 18.154392777777776 0 1 1 1 80 X 0.0 0.0 
SIMBAD_26 68.19301041666665 18.17142638888889 0 1 1 1 80 X 0.0 0.0 
SIMBAD_27 68.22656375 18.0881525 0 1 1 1 80 X 0.0 0.0 
SIMBAD_28 68.23011374999999 18.119565833333333 0 1 1 1 80 X 0.0 0.0 
SIMBAD_29 68.30023624999998 18.264961666666668 0 1 1 1 80 X 0.0 0.0 
SIMBAD_30 68.30502749999998 17.999191111111113 0 1 1 1 80 X 0.0 0.0 
SIMBAD_31 68.32979166666667 18.188605 0 1 1 1 80 X 0.0 0.0 
SIMBAD_32 68.32923749999999 18.096434444444444 0 1 1 1 80 X 0.0 0.0 
SIMBAD_33 68.33082041666665 18.18032638888889 0 1 1 1 80 X 0.0 0.0 
SIMBAD_34 68.35450458333332 17.927644722222222 0 1 1 1 80 X 0.0 0.0 
SIMBAD_35 68.30023624999998 18.264961666666668 0 1 1 1 80 X 0.0 0.0 
SIMBAD_36 68.30502749999998 17.999191111111113 0 1 1 1 80 X 0.0 0.0 
SIMBAD_37 68.32979166666667 18.188605 0 1 1 1 80 X 0.0 0.0 
SIMBAD_38 68.32923749999999 18.096434444444444 0 1 1 1 80 X 0.0 0.0 
SIMBAD_39 68.33082041666665 18.18032638888889 0 1 1 1 80 X 0.0 0.0 
SIMBAD_40 68.35450458333332 17.927644722222222 0 1 1 1 80 X 0.0 0.0 
SIMBAD_41 68.19260208333331 18.154392777777776 0 1 1 1 80 X 0.0 0.0 
SIMBAD_42 68.19301041666665 18.17142638888889 0 1 1 1 80 X 0.0 0.0 
SIMBAD_43 68.22656375 18.0881525 0 1 1 1 80 X 0.0 0.0 
SIMBAD_44 68.23011374999999 18.119565833333333 0 1 1 1 80 X 0.0 0.0 
SIMBAD_45 68.30023624999998 18.264961666666668 0 1 1 1 80 X 0.0 0.0 
SIMBAD_46 68.30502749999998 17.999191111111113 0 1 1 1 80 X 0.0 0.0 
SIMBAD_47 68.32979166666667 18.188605 0 1 1 1 80 X 0.0 0.0 
SIMBAD_48 68.32923749999999 18.096434444444444 0 1 1 1 80 X 0.0 0.0 
SIMBAD_49 68.33082041666665 18.18032638888889 0 1 1 1 80 X 0.0 0.0 
SIMBAD_50 68.35450458333332 17.927644722222222 0 1 1 1 80 X 0.0 0.0 
